76621 63484 7831 98723 98751 13779 80201 24492 35139 54168 
28646 71063 28779 86336 14751 50077 19395 26007 23256 76545 
36240 23435 22557 91902 59637 47908 51690 4275 44089 19014 
91119 44704 32815 26588 14796 35218 70529 93166 47378 93097 
56681 43036 78962 30403 46128 98975 30331 87671 16156 51777 
36514 23883 97744 52616 85377 34658 27964 37760 33882 94040 
14515 56919 19659 60213 63259 15780 2629 33248 73630 48979 
89059 12342 36367 50503 18272 48524 31798 42810 43309 35507 
73835 16516 64712 32072 36708 70674 23429 12418 3694 69415 
1024 28774 59017 71655 65489 62436 68276 87561 22187 84662 
6826 47017 71586 4954 96367 19376 5087 63591 86031 26481 
35892 15519 27677 32886 30937 6768 80696 52589 55366 37537 
35188 89404 14201 49069 47233 46834 81631 71462 62079 62161 
84081 64979 49318 45368 81485 77936 6462 2885 78449 48628 
16986 25490 22721 40222 91731 54493 21320 49525 16974 20085 
53794 62818 61702 4977 86155 28228 65259 6738 39776 64393 
51000 17048 46108 41574 64998 47819 21305 15086 77401 72639 
56957 74571 17703 86735 9424 46731 86128 36564 50992 20517 
88452 45006 11683 87856 35336 33709 64312 75506 5203 57565 
37344 1319 54582 888 97283 6612 18490 15533 16262 77927 
60722 11587 92012 91948 45047 37549 9833 99325 48789 46099 
66890 18758 41764 17869 20232 31256 24129 98373 54483 14738 
42085 64909 6477 51289 38757 77838 14871 22073 52056 63073 
21430 91729 40021 71125 23242 41145 57982 2346 69684 28513 
65593 9564 79474 6337 3649 90265 81822 49825 55514 58373 
78048 85677 45588 46230 36217 18961 23736 27333 33578 63288 
89744 39744 62529 7892 19209 64303 13573 43260 78930 60399 
4141 8078 44276 1573 87356 68268 7980 62739 69893 81455 
4107 2304 79729 40856 13946 57378 67960 5255 35118 91040 
71186 41739 21737 20362 45492 26772 70047 53235 77940 26035 
30485 26540 61999 78709 97403 25454 89526 17078 24151 86703 
3067 79798 79305 16581 63189 64794 86994 85984 7416 23449 
23578 11637 98839 30617 45784 53658 72093 1086 64913 71751 
15316 7834 35989 9547 25506 56122 77394 20809 48621 47294 
61952 82963 89371 86269 66278 59247 56614 64405 83961 53650 
99384 83246 1868 61340 92303 81002 19903 1501 83215 30707 
61800 74080 75453 634 99261 8638 47481 37327 48547 98131 
66523 97512 13459 52264 84376 66417 17814 29030 29030 75200 
42435 9500 27268 99038 33218 7728 79651 76119 2403 60427 
47817 17752 6218 38638 25210 86325 49162 69464 40782 52065 
97638 3495 98681 7181 76686 38856 45592 61458 46368 47351 
40678 8041 8110 54660 79874 72765 83403 6846 12581 24458 
37435 51872 30225 44977 80127 18735 29227 42959 42374 94893 
97900 21399 16976 14414 78150 44962 923 49891 92897 63899 
60797 83662 45717 95780 8183 60548 72113 77482 95301 25593 
45168 43952 13330 95064 48644 92434 68361 88706 20825 87655 
33633 9320 79619 19287 65446 18514 17966 39441 85423 2480 
99943 93802 421 25048 28679 84054 64127 40653 12912 53379 
83850 56450 41366 42209 97195 32717 98895 9092 58274 55375 
15827 64200 38591 62362 21361 68124 14994 37132 21006 37740 
92421 15821 89202 20779 38983 29763 80367 19119 78819 51992 
90865 91165 35775 4923 7932 84351 12630 99544 7942 41258 
85563 78266 29628 84227 97835 93264 49497 81128 61766 80283 
16943 66603 32277 29411 80130 49480 85379 71856 17565 15608 
34129 42010 38377 62877 39673 53212 68219 67668 30183 4918 
11448 94506 44745 95748 5014 20701 60488 81602 78254 86331 
71041 54866 42648 44223 58535 66430 29281 96131 13567 6780 
31095 35589 30407 60164 39677 38837 16143 49150 75288 22615 
38168 39138 89853 32316 1686 8400 53311 23731 89409 96547 
34379 1499 59362 41941 68823 97061 87778 54659 88950 82971 
58500 95329 17718 86438 38515 37176 52844 47676 46591 4517 
48155 94082 86168 22605 2918 44063 23385 35064 60761 71528 
54676 96038 26034 85685 52124 12133 69351 13756 59284 48775 
26822 93796 88812 34371 60329 85614 96531 56267 59406 78779 
90961 63330 48297 48424 13098 2310 89302 6824 19149 46120 
81898 71582 91817 13824 22169 66971 63541 2648 98065 87913 
49516 30793 9132 71276 16021 60863 79255 80311 75697 32977 
91171 93997 71654 5107 3533 35292 71380 11383 98539 42803 
80832 60688 56474 25035 43704 77700 44719 56452 47556 39910 
46965 86557 64064 49208 84031 87920 79308 66035 35970 21322 
26206 30891 66128 78031 74952 55756 7376 79725 10382 17785 
86978 5264 65423 23796 12138 43951 74692 93597 52013 27076 
18077 18486 10673 46954 49930 40937 57327 9913 96472 77683 
68665 84776 83032 91974 60726 11529 47449 26570 5721 57158 
14919 18342 60687 22121 2832 93438 14206 51061 48287 10042 
17754 97528 90049 505 58973 55569 10059 18144 82403 30960 
88226 88251 20690 91612 58668 7521 61416 85027 33689 18602 
64950 9601 63300 51010 25737 32479 33577 62907 59760 91596 
24943 77613 46210 48545 19746 9236 7031 59741 15116 11208 
89891 79149 56608 44283 3971 38372 64759 13412 87244 66157 
62054 25675 7868 10336 13847 96347 84039 73033 49639 38104 
65377 8750 41282 47444 25933 74103 17007 17656 56694 58586 
21919 12328 94797 25552 93626 86376 57301 74752 97339 24965 
75603 71359 38935 19516 76114 89387 69433 8996 21218 22024 
96706 96635 98256 87944 79148 60216 74909 51297 43962 9030 
96533 79766 32383 59754 38206 99574 3059 15956 54790 30216 
94599 77428 87767 72452 12344 97258 23005 16357 18514 68530 
94137 79622 10465 16732 65248 84663 75848 72282 23776 51128 
4440 74539 34963 28611 91036 6554 428 27357 40005 29602 
72877 14284 130 79190 41780 46672 76670 74094 52994 49482 
13086 91332 43705 84064 84145 86362 47054 89950 928 57019 
77758 31670 92034 6684 95903 77073 43319 59154 98226 46149 
67325 27073 96144 89899 86537 11505 25998 41842 4373 34401 
90733 43907 31356 51639 87415 39333 20656 17330 68144 11314 
99149 61255 64681 58726 88902 61799 82910 63542 25451 96477 
75696 72203 93406 56436 76064 76152 73146 26870 32983 52289 
68699 1095 25593 52114 55813 66521 51313 91416 59698 87454 
11234 59252 92459 50742 97851 77457 24487 41663 7324 91499 
91292 80236 2623 29605 18006 12949 59879 27000 81154 63628 
69648 47671 22024 71312 14740 77308 94674 24520 67445 4574 
16110 54427 34553 10968 30894 34666 5887 21977 4083 13266 
17411 93763 96482 93960 96447 96608 58280 13565 17979 84151 
14475 8737 53838 38689 48933 45276 40701 95117 77803 68799 
86165 22457 99593 96319 95577 90826 42312 41280 20137 51922 
40478 63126 27720 14316 52812 8491 94683 13066 67461 35438 
97362 36364 35508 44388 48372 63837 47212 62722 54168 41784 
11217 581 49902 36740 72164 72519 88322 34600 30331 63268 
8361 57271 65290 66591 45963 60056 46798 52764 86014 90662 
99622 91171 26867 45353 21081 46061 94289 8745 26963 66761 
81257 92141 44753 4215 84462 93523 32130 69664 57987 82000 
24916 50102 38741 61835 19433 57588 30465 68266 68294 9847 
84436 76250 9560 43960 77188 80921 91019 87303 31167 37735 
30308 79235 79907 24240 9098 64324 1361 54180 88114 447 
89525 51631 6904 56223 98995 95497 85319 15759 84904 18780 
39191 49035 88480 98349 68763 13960 29674 47192 46985 29369 
22013 25962 70839 46916 41315 11100 40962 10089 26004 25795 
9814 87627 20071 94827 27434 75416 49632 51432 95694 99567 
40220 49302 34409 97954 20031 25815 31454 26831 37551 86937 
65012 37340 31360 35513 67742 26969 66188 28289 60314 57066 
47837 80668 91851 20567 12565 58 66149 19228 9815 3560 
46577 16935 60760 39410 99766 30971 32902 48778 43116 19388 
69344 29611 98220 11491 576 8138 43562 90565 93269 66931 
26633 56811 61234 48818 46004 10543 16656 22229 27311 76855 
68188 85069 77326 66402 93300 30235 26458 42871 76361 77770 
4172 16523 69998 87245 6108 53863 7237 85378 52366 16560 
49935 81933 6858 47056 29015 63069 12972 76956 18032 43857 
21725 75232 68685 3220 34370 842 44233 80223 40434 60568 
82732 80111 77281 32294 16886 26888 91229 36215 79002 46830 
49532 66365 1463 66104 99009 80331 47629 62 29832 79137 
38704 3551 66050 97752 17557 23864 35366 53545 81910 93633 
70449 34426 50685 74942 88862 46165 27022 71115 96817 82307 
31981 39291 72669 33090 65524 1487 25006 95771 28003 73679 
79748 56350 47453 27709 62533 32036 52093 68778 93734 21538 
25766 86662 44510 74548 90857 24613 7816 10227 49248 29458 
1041 2549 89609 32941 13996 95528 55880 87498 35018 44708 
70402 36839 40044 64860 70622 96997 39498 91394 46787 14670 
74079 30680 17548 5402 27114 54543 99311 38098 16279 27199 
77226 96312 16426 51501 17167 14076 89111 82632 11735 25229 
24596 58699 68276 57021 42577 5792 86753 10428 95438 51425 
36155 14183 22508 6753 63111 88435 53126 14969 13688 19117 
2505 56674 94665 73067 14822 13071 50728 97620 54483 17179 
63463 42574 10480 90659 85520 84358 30018 39900 67646 42288 
80220 5273 82273 24891 56830 41365 40890 24787 91160 76124 
42933 2498 52375 80752 37856 93671 24474 4228 43950 67687 
98819 28446 4744 17382 42364 68864 59495 32644 45931 58819 
85200 18244 10138 68549 66070 63220 54026 67690 35475 77271 
39992 19008 21841 56185 63997 61943 13023 83924 52298 82751 
99722 22134 77570 48830 6673 51175 47856 29384 7505 40028 
6808 93016 84438 19916 61447 49741 71041 89213 62804 93349 
50332 6540 68962 72557 32058 58914 19296 82179 17562 12055 
33161 45684 62365 46247 23553 85780 13598 30242 82083 11123 
79527 4326 35292 22872 75180 49965 75627 1505 66591 8147 
97894 9210 77863 70080 97983 19435 89287 35059 85223 73815 
10151 27555 9082 31136 86554 41013 4132 76736 92029 11711 
59701 44510 94983 12546 77651 42821 49228 3270 49325 72196 
70292 74294 46880 96189 205 39022 55327 35538 39337 10350 
72482 79987 54841 7913 26797 68357 27247 26642 94882 21697 
97179 32446 38108 4990 30078 40301 64962 63407 70910 2678 
33188 75686 23590 90630 25686 51743 73971 46530 39377 26430 
66569 66477 36862 92444 18749 2355 56566 58377 48599 85018 
6648 48718 86308 81900 47201 16655 59851 67024 22908 42242 
34994 56255 32174 19931 73199 48966 62947 74442 38569 78084 
82854 3460 63811 40655 87039 63899 47210 38815 25 99328 
70779 16458 17569 94317 80930 73663 45488 94570 14092 21077 
58432 57618 41459 37840 74068 55742 26267 8885 97779 49707 
56490 28965 97302 44898 47030 78405 36888 86353 86412 75920 
6527 90860 65042 40958 38669 27709 96562 4871 92679 96264 
99166 46267 56181 41078 80131 71282 99064 19994 6720 82768 
51142 26351 58457 66664 72445 80201 30461 60580 22399 54828 
90341 75370 8133 95585 79044 63637 66074 60571 14471 2106 
89646 98764 27914 20462 29972 81588 17974 28626 20595 31319 
21298 59725 17570 9791 19016 92033 51449 53954 19931 58674 
50703 82962 46858 20463 85825 55087 90394 86313 32669 77268 
86229 88719 83083 32003 27008 2042 92238 48560 90608 35535 
46319 26162 87587 48831 22792 19554 37214 32196 97535 25599 
3741 93943 64808 68732 88793 80159 7360 38419 22537 33429 
54173 35023 96270 49068 26600 21425 74278 67602 51623 44143 
38619 15930 17953 94492 5742 37914 34171 21742 90535 30617 
52427 39322 28637 67775 56418 14617 98681 93284 3617 15706 
88369 45137 61402 51527 53772 21281 31740 60111 78610 33711 
4933 77675 92623 60801 98210 12308 23061 25179 1936 3289 
40837 49338 27442 3419 2833 26914 49767 25837 39063 15875 
6642 29806 48800 8789 58205 47889 35541 70980 56378 20682 
59565 1932 24005 69136 46133 69684 12729 26242 95466 79263 
75187 31892 36797 59861 48821 98687 50713 30787 31103 57189 
81915 82905 38716 45935 76150 29696 85803 39626 50618 24904 
19042 6283 42248 35906 23729 73369 26875 2963 49680 52353 
67392 398 93288 86791 87181 93132 36541 20992 83865 39056 
53661 4245 27410 26534 85154 10259 20164 80219 50474 41435 
69140 22924 24905 13416 30548 81247 90062 73709 53581 16019 
20373 26604 64731 73843 34684 52831 78436 98826 53270 77291 
59060 44697 25962 99665 56207 57646 5684 39261 35391 58886 
69332 83619 61438 68599 94152 97117 29283 71380 30781 54525 
59023 72992 62658 91511 94687 8828 55005 23736 66747 63260 
99630 80483 16897 67716 91550 70983 4714 19337 73262 87793 
43025 70569 95501 60275 64390 81245 19589 12467 31512 25209 
52871 77832 18143 7127 78700 29608 22188 6775 62609 50823 
83629 87050 2673 16008 80711 86830 93570 97066 60002 18342 
28654 93095 86681 80428 11059 17819 8953 92705 71029 49060 
17587 2623 19555 73427 92478 62031 76301 96008 25207 8112 
7864 36018 14461 18965 53612 40101 99629 39252 27990 67968 
89051 86531 89815 62705 83085 16538 52864 16762 45253 82372 
96804 44099 49881 47088 79721 73952 36886 48187 60951 80011 
12931 12181 79112 41626 91969 77292 38048 36472 5010 75906 
76977 48721 28301 83009 7401 7042 52138 6920 35868 22005 
91108 77137 75378 30776 18395 36200 99282 87571 86616 30092 
5761 96308 84313 66915 29230 25866 38859 86106 58525 6938 
58027 65591 71646 53301 67609 98101 6868 92740 31962 53891 
3774 29900 42587 73018 54333 59672 9373 52974 50104 50912 
43109 28291 13149 70733 37165 96296 90053 88082 22040 23664 
2541 55391 29124 7687 44883 18230 71124 4917 35114 50425 
88874 2563 80436 98059 51833 3234 58022 87505 54750 7739 
36874 43925 41396 9092 82130 68940 13170 43402 6339 61364 
78148 47336 72925 78078 60534 58551 20863 98341 6276 92103 
91094 88541 37703 9315 83460 40266 82790 89810 97885 98381 
79977 11413 71453 25714 81287 82783 14637 30285 62212 15491 
63009 53557 85553 12897 26845 44579 30826 17589 7093 17865 
91653 93127 27825 93640 29519 37573 99300 89889 15131 65173 
98001 6256 83143 15827 71218 42106 38808 44932 80038 50341 
38927 4588 42765 49286 76954 73407 64782 59300 63610 23328 
76299 83459 65309 23949 99940 91308 37485 17391 46170 98552 
90026 96829 20841 87938 80867 15489 85398 79263 3338 66760 
53039 71300 69707 70706 17923 33847 92861 39683 14790 13552 
13088 26460 33113 67133 55588 83388 70544 55769 13466 11585 
74663 34603 53338 24706 6725 59682 98460 59650 74092 80230 
86524 79317 82540 26953 87778 21106 40518 5137 7859 53280 
58925 49461 16207 39606 89001 25806 59597 84685 66480 85877 
66216 72724 80761 56103 80363 67738 91589 526 74262 56670 
72189 4707 9774 83916 46225 49718 71680 15916 37162 86061 
85437 28300 52230 67693 41614 58414 24816 19754 66590 34093 
46408 24078 12261 71174 95521 17258 66580 41835 95073 99887 
8871 43236 71684 73738 24750 30662 92019 66526 29682 49389 
8901 12726 43004 52425 21877 22375 85550 6064 38590 52896 
44425 9172 83468 93866 6788 10481 51269 30712 72426 52274 
84984 82270 69640 68569 18458 73024 82778 64537 1282 14068 
59300 268 7105 55069 5283 2053 25293 27328 48112 79978 
27889 42931 77841 99924 43324 15158 93409 37095 19471 60376 
31096 55711 43749 21613 4348 43284 73656 95324 68729 8498 
64254 53767 38163 31852 54271 28551 8000 30633 81195 97645 
61025 17060 83895 69796 14808 94634 15754 79586 71222 87755 
350 79897 70640 92501 57884 10915 17364 78344 26098 49410 
89680 77020 65833 17404 82447 50895 29073 56783 31194 1871 
13767 9898 56759 59936 62383 70702 48917 87342 31659 20077 
9411 17561 30357 55858 99432 20670 96972 98034 48923 32482 
63934 83516 68885 87376 24435 18070 29813 26226 77095 73489 
33588 7084 66579 83933 13877 80970 70485 48768 18545 8845 
54125 53596 60561 25149 85708 25004 68297 69093 18953 61329 
99736 26305 29619 26579 77866 25564 84838 25976 26583 20648 
2647 71479 89229 24532 57910 36671 57628 32862 75698 74927 
80603 88093 5520 16533 83866 8428 18121 69687 37575 69025 
20123 61022 92433 26833 39460 33259 83164 59416 10966 52505 
21345 54215 97554 79003 21708 26452 27806 68563 77651 105 
59874 22265 98571 11979 43969 17798 11824 56305 49777 80339 
35187 93684 87548 70217 11533 16975 9372 20621 88961 10890 
80906 10945 73485 70613 94931 21101 93655 49590 6901 20537 
12876 5596 62557 66191 30471 93940 31440 15332 84978 85022 
55586 92401 92434 3696 66293 49006 33252 47979 55899 95634 
16776 57743 18028 87106 27261 25996 54708 71299 22484 42570 
80739 49928 57869 27192 6383 20596 82870 99039 47251 46877 
18775 62516 3499 14264 89255 61687 38813 50346 55954 1734 
61331 62787 20480 65892 81081 48521 69015 43895 98187 9295 
80592 35099 87266 17571 47321 49660 76603 70722 48267 25785 
26370 57206 81719 93559 2861 97852 37849 74479 20731 46846 
22546 78810 91511 83675 93206 24311 14271 37359 1332 21692 
6353 8208 47159 95867 32918 70686 47200 75528 11931 58839 
39622 56700 54694 91502 31924 31046 81116 10019 1805 81479 
36640 65885 42315 21425 14460 30245 6280 63912 93807 89243 
34360 48652 55456 12858 35744 5864 51746 76730 13398 60137 
52613 59046 26473 13779 9121 83434 98042 17682 52761 24477 
20587 55651 40464 67739 13870 94599 62224 4961 4547 17981 
64291 68083 96214 74822 29512 75186 31126 65381 27357 89919 
69305 10314 7182 8112 4542 5397 26520 77376 42024 57694 
63212 37336 43933 14914 8844 15597 32221 94941 12236 71307 
24485 28375 73015 42352 214 6102 34693 60333 30879 92095 
37 19281 93689 25969 68988 41741 51542 67956 18509 21189 
70229 5735 3716 89091 16176 37670 8190 14232 7843 47950 
96234 61802 19174 29342 55058 67040 54464 24546 25197 72720 
70643 63519 98927 96859 72783 35653 96376 40537 81377 52294 
11193 37426 96610 61766 28204 62006 18 37683 12435 73097 
54017 93208 5629 35247 91221 20891 65199 82277 44307 96414 
55050 8600 70823 24211 56549 48154 23737 81781 97258 31275 
38105 5509 45040 53181 23499 5138 89556 11963 47246 59753 
52539 79103 88597 89122 34733 36515 61334 34561 35125 83077 
88191 99978 27551 54604 94284 31530 18174 1417 52123 45876 
6096 38707 7784 71420 15387 45118 48516 79314 38859 76062 
10770 1847 14815 49070 20421 75787 19676 31403 77742 37290 
82285 7048 22656 16453 91107 38183 2545 98651 6419 18748 
95854 96776 78918 69256 92783 86901 72809 9500 662 41255 
87305 12983 69805 27842 66879 79002 46293 41391 93173 86372 
8184 60824 74572 64435 13365 82298 88974 11603 78712 18085 
71002 4691 46050 76848 28282 80071 44078 1697 16502 23383 
48677 70020 5179 47372 15502 94534 23548 72694 61986 96495 
44309 3873 54300 44431 69136 46800 41153 3766 41941 85554 
77981 38199 54083 50131 8456 7001 35327 14897 15806 6827 
72309 80842 46898 56701 42363 4480 18295 74236 5597 35987 
85739 3441 38315 51881 35027 7292 80586 53121 92615 14898 
70551 61778 225 21784 72630 91204 36896 69126 77655 52939 
3056 57032 30006 68430 52857 53941 35054 61024 32579 61893 
14301 27250 75410 1248 73504 98261 84288 31683 69297 88041 
26181 29065 33475 23476 54595 81172 76107 30295 715 88414 
86154 9987 39484 35866 64292 86598 29052 60159 10082 2464 
77861 79192 34714 79523 86175 73981 74970 64316 65620 19135 
29202 34033 16593 67312 9106 21606 99526 67977 77497 34598 
90561 22554 85856 29354 12356 42993 58252 2311 66122 70260 
48179 41768 86842 31278 68389 63189 75518 93256 65015 64450 
70532 18029 37055 59417 39291 47860 95628 47673 7731 72582 
89085 73775 91805 93583 85648 70428 28059 4872 70942 9049 
79465 77782 21331 44987 12517 99277 61956 53691 14510 10790 
5100 37712 79352 81151 29009 55631 60489 99317 54448 48680 
64408 89876 35895 12804 71885 34218 74016 96698 21633 32111 
68056 14443 43136 6479 19639 82270 7953 72344 53225 14732 
69031 58975 43757 84654 65498 94827 38365 94829 3045 69164 
31447 55968 1885 39244 87861 49357 83461 64273 12927 93221 
52920 33483 34038 31972 50752 71152 28568 98020 42706 98173 
94209 85443 31716 35595 90150 15941 3202 69205 35886 98565 
94808 57948 16571 60258 29536 43935 98052 69025 66086 9067 
38675 94486 47048 72743 97889 43511 2034 53545 23687 31715 
10972 61899 31568 15133 78358 52383 87897 85057 83253 79200 
84888 42171 16536 74714 55327 87286 21869 38258 18502 75263 
50654 57640 61055 8815 67312 62626 2287 54719 23873 77435 
49800 59394 7870 20242 12282 99431 70257 54995 12650 72972 
15530 29300 67354 94892 86939 23102 5229 25987 50554 35719 
51378 60967 70263 98254 84537 95468 17464 75545 22433 95881 
6717 93007 65888 58901 57476 56237 9234 1092 75830 84593 
43018 32852 47445 65390 51036 16141 20224 64516 21134 85513 
17505 9873 96344 79784 69595 84812 8846 11868 3601 20457 
91404 82093 35571 91358 25906 73033 87528 79917 45084 38984 
1204 66091 52434 4891 4664 94018 27759 60411 66972 18498 
42145 95146 76285 84460 54363 56684 9996 97207 29992 4439 
82468 68941 10801 25653 50311 5560 14570 55548 23198 58534 
95329 88038 19578 7243 94100 32569 94669 12121 7544 63779 
29389 2170 49627 72229 64485 36416 98057 12674 25540 88865 
69926 73498 80503 88080 23279 33425 32396 17550 31848 39488 
95498 96456 64053 52021 74100 31448 3350 1927 43334 21876 
6040 18941 86385 3450 76729 28176 71877 97893 38098 13055 
17465 75643 62683 64516 99750 58068 74736 49626 64851 25827 
60727 86755 11775 2287 5097 48923 19522 84551 68925 77203 
96816 3769 62251 71187 47727 23683 35164 34239 29939 53012 
77710 34924 62797 97460 51556 63090 14878 16323 86320 73132 
20413 55993 56710 51331 42713 78850 96112 22751 13078 34131 
44330 25468 22233 96316 55298 34895 14637 4341 90184 22371 
17644 94032 47044 12084 72341 51985 32714 25328 72647 58230 
72703 77693 10146 939 39325 16219 35743 91356 8071 31499 
82314 97259 63476 65765 36708 71597 70375 88223 26371 48 
31176 67265 49961 34323 74353 74108 37190 35216 85669 38035 
20855 86808 36599 68702 59951 5565 84543 32428 2674 14925 
11733 30874 25723 68020 96996 3064 7737 38154 47488 9564 
74075 9038 2903 39247 11188 41159 17558 95812 47251 10642 
43730 51751 77340 15176 10230 96410 59843 32663 37535 84729 
6705 18383 52753 59120 21634 75656 15164 47678 90930 98679 
51985 9441 78925 52848 75029 28314 63604 34906 87869 72405 
10014 90012 86943 86240 84354 16800 94399 33496 94237 42010 
19153 27441 91994 45819 91533 14786 52490 74966 7673 44910 
98498 38384 23303 89048 52137 28167 252 72168 7942 13492 
64444 14856 49869 33022 27446 20777 36643 34064 54393 18216 
68784 32958 71623 93727 15817 80017 70073 53528 72745 88658 
49263 3532 4399 88610 66531 58339 55706 93667 80016 58950 
52149 74817 20580 4372 23180 22398 24069 59236 13662 54136 
67682 32098 16649 91930 94600 14347 66769 53532 11646 40483 
88404 88753 20863 93169 30246 76983 57004 42139 56268 39242 
47600 73734 17474 76747 51573 55691 84526 53150 46847 29805 
17889 95985 85625 54616 59553 11794 91576 83494 9476 12818 
74730 81749 16100 10642 29246 61304 81787 42598 43472 92095 
69323 41190 49596 16440 47096 42811 19578 53477 54173 63718 
82285 43806 22274 9558 41124 99631 80102 28089 99295 18115 
41234 67384 13679 91782 92344 48878 47107 87915 92339 77218 
80402 78313 51256 37752 82422 22612 67060 74668 27116 64343 
94727 55854 2449 80966 63822 84977 45174 12097 97978 42091 
41170 38172 51897 79342 3438 20889 56292 8390 7231 6688 
69785 32731 66887 43106 65264 89277 68353 4306 44097 71384 
37786 75280 16644 34798 63982 26313 41498 66819 87603 67082 
15228 45253 48997 46186 63003 84522 3530 26796 74639 43580 
55513 72241 47183 26588 88915 46605 41974 59094 99940 75762 
44757 94601 86345 97648 55863 68784 27549 24058 84743 36472 
19831 90881 35178 33312 84377 79938 75277 223 81778 92626 
26986 39832 14051 58211 53847 71850 99655 97941 77102 85661 
17657 301 7772 50878 43012 88053 88815 40912 40305 94640 
30241 88370 17999 56186 90154 28855 81927 71786 92541 71368 
4915 66826 58785 38353 77671 4566 68521 99639 14187 70211 
77131 51313 24420 86213 38510 38179 36065 73616 58043 17042 
83316 84106 96519 31988 63580 26799 64479 77229 4890 12991 
45550 63370 99286 57404 61134 48489 96917 3559 16234 13857 
72501 9992 55604 37034 94540 21659 73594 62416 38642 34446 
63592 34156 6348 16655 94873 53868 56967 35265 40787 80111 
76260 57865 72979 14086 53452 10961 42234 5868 45563 88658 
12317 58918 72992 35633 58082 90843 48974 85000 77855 99251 
75376 33223 48290 99184 75972 23052 17783 11921 61607 41184 
42670 13391 61747 57691 52702 28533 83036 79337 41204 76748 
23830 12556 60603 89403 60599 12905 19100 66323 13695 42563 
2681 14311 53567 40765 931 55393 93080 42865 17491 50954 
73429 50894 34565 32099 627 84136 54802 75274 65416 37122 
10635 24952 80356 67428 22592 90057 12425 23962 85701 24661 
52425 64884 92472 31851 14483 20339 79418 37707 73687 50032 
21280 74437 13978 3799 22905 9919 57561 23509 74745 21061 
75558 76034 65518 44831 35645 71898 66560 63727 31486 62952 
87310 42272 6391 51028 13250 52389 95478 27559 516 91214 
89328 4750 29946 94666 52716 53786 10132 97648 55705 43560 
75241 76667 51571 57638 56069 32490 54787 51339 71870 14206 
90855 97293 42751 94967 76272 7161 68621 15307 20042 4973 
19500 4549 40682 48407 39748 97057 42245 58522 65226 51771 
51101 98632 20067 83445 63209 42311 9208 5581 49515 31142 
83274 75978 6706 85831 90829 83494 88682 67526 58875 62798 
38456 41959 89341 23892 61527 50900 13651 35520 44505 93309 
46842 29861 95213 88422 56057 63481 88940 14013 79611 22107 
25503 88055 65333 99050 44142 81559 5971 76186 61641 6095 
74808 48809 57960 25997 22502 82748 59772 69223 38064 54761 
82439 37872 55882 53275 38236 53365 82729 30400 78309 26659 
7045 96995 52275 4110 75723 10515 84136 93198 18458 67336 
14426 6931 40636 10525 70889 6114 59841 19333 76545 41449 
71252 15331 432 60539 74516 83180 19152 55495 63254 14550 
97926 46659 41922 81342 84716 60792 62422 55846 32068 41911 
2160 12223 77490 52494 15813 71770 24150 41776 89227 48003 
51411 17799 55088 8998 78615 86655 21709 39426 27976 27230 
68682 91382 91923 24630 82223 29855 32829 99604 68933 54470 
24167 80808 45577 20987 4900 86864 88197 78992 56144 91901 
74095 50227 83556 87363 27395 7247 39499 89466 46068 68568 
62530 3407 59007 9116 59732 26560 14037 4496 85300 89122 
19742 90811 13610 19636 77199 43607 36230 24596 84415 10738 
97232 93351 80754 61995 53226 33640 22383 67076 88890 82745 
78786 36084 34403 91795 59612 42482 58776 76104 94951 12288 
16829 94660 13152 49233 6636 6744 19567 37100 8786 51813 
90218 4276 33204 20353 59328 91171 68248 11874 17841 60592 
69728 79831 38729 28854 22012 83769 89418 63357 86872 31928 
26248 3278 7046 57647 55091 67148 42134 59699 65418 97666 
66526 98278 56522 24079 91116 27546 26249 42326 90450 11586 
35480 12487 8056 32977 17958 14741 41555 51874 31774 93623 
38310 33693 93634 56445 49251 48875 792 52894 89534 22866 
99547 22781 78523 34401 52724 87775 56947 74056 96589 87096 
17994 8229 65275 8891 93966 27729 12280 23081 67956 56394 
23489 30376 57874 35175 58528 24616 22850 33161 1584 21268 
56162 75081 83334 55342 17483 66707 62079 45543 10743 52461 
35338 24597 63823 29068 41076 2394 95844 72759 70200 19061 
49536 52435 31036 94217 7294 16797 6048 96824 50623 89729 
98050 89650 85499 22283 61355 77020 14608 67655 27662 78304 
29284 95514 85023 18862 67270 2117 48828 94869 9889 28566 
32220 56131 44140 3021 64529 50148 63974 97928 11956 31913 
71426 62358 39021 56507 36174 140 54755 43923 32420 2062 
60854 26466 75524 94761 81080 63418 18860 7314 21251 46993 
13659 99575 84316 75312 7495 86959 20786 62899 63812 96420 
29822 30677 51431 53437 16301 24728 52233 50964 86158 63530 
11883 20717 31163 92023 81983 12064 83137 99705 62973 80575 
46286 81583 71403 59603 14086 99665 74984 45052 77204 45258 
71602 85682 42232 27219 28856 48923 14497 29639 71147 52937 
5941 71371 78074 10497 54799 43860 87702 89179 86533 41121 
85836 32878 67533 32283 95829 23516 97008 86038 65881 4225 
11547 45653 91100 97312 806 65656 29762 61852 70436 70463 
5185 422 10328 87274 39675 91464 65026 88140 26830 52561 
25734 76943 67634 36686 91591 16784 62285 59873 84830 61303 
52186 145 85876 68015 70775 95723 49986 86156 54364 34434 
77220 82399 42354 78657 2746 26051 26749 2788 13305 56646 
8335 90054 18048 832 82924 61877 28915 1431 13562 83166 
90228 61739 45498 87359 72491 32208 12985 23697 26622 64083 
49845 58490 63712 60280 44821 6269 95758 15822 19904 17109 
87495 56218 74232 50151 9539 70282 44441 6643 68614 4827 
21198 91023 8264 42524 53696 81693 16453 93162 12008 44695 
47797 3498 80183 15868 16189 33606 50454 13 13698 8837 
15045 73967 59525 97221 50199 21738 60915 39197 51272 91513 
42781 22389 29944 85830 52876 40452 98646 48993 64216 50024 
50382 53456 13519 46834 21555 39866 61776 60884 47940 77653 
41436 35073 28536 68427 44409 58786 28458 9400 49353 43053 
3476 89529 60167 35497 15196 79360 66965 97339 79828 91650 
43033 70594 12326 23493 78691 68880 34858 45964 64610 59274 
87739 51546 60051 18336 78206 49879 71505 92050 90688 20897 
51073 46655 25063 87529 77799 31964 74787 3295 36846 1704 
78264 78485 39416 12195 58374 81480 12013 85317 4667 12685 
95567 84028 41603 65626 95786 24802 99946 26964 55440 29453 
94519 29409 84134 96912 56006 54209 2003 58884 6506 65678 
54446 97461 70257 14619 39862 79504 68061 51257 88909 32212 
66439 34606 22650 71451 57802 24641 17401 18976 74487 10312 
62352 33742 23870 59326 51246 18753 18792 85952 23856 49146 
28960 4303 21879 5693 78710 4535 98139 61369 31090 1944 
14173 36877 87632 68756 13818 48994 63086 51900 3897 78743 
82557 50956 40172 5376 79197 97433 80488 900 77074 46130 
44621 73406 93277 21248 65125 83432 28925 35405 20852 33772 
91056 49720 59012 31452 75269 84451 12458 11906 23801 59528 
2768 64761 51093 38379 25538 37804 8852 62954 87097 39065 
66038 21701 79307 87885 70109 61031 60165 79516 28240 20710 
69700 31422 78199 78296 48566 10011 27879 38568 25622 76430 
63493 47875 89380 93100 31628 94560 99828 96975 35676 99755 
63188 48744 21723 30309 8545 76043 19288 42775 56312 4297 
71719 84331 65663 13834 54032 42943 17769 12116 22026 39771 
33352 60342 57329 28130 96896 19030 80545 68050 23401 7721 
16042 43439 50093 29842 91036 81109 61854 39337 30302 64038 
69061 78685 60704 56339 23484 96802 21928 69411 34157 81809 
77995 48423 33410 93630 16535 52031 10530 16427 99136 77444 
22564 86259 79404 88008 54576 34082 46554 69895 69509 48020 
78019 35985 92573 3635 72233 28795 12677 19975 50177 84678 
42855 93249 61020 19422 53218 13250 12590 85551 62363 23235 
48293 22963 29073 95640 18560 19777 39302 99908 30309 94995 
13885 57773 39200 34600 29895 97480 1521 2342 96554 75802 
49663 85903 96802 83829 34176 43284 64393 90451 38037 19613 
11732 21471 85231 54833 44491 17078 50623 61944 13222 63457 
76340 18695 89397 49058 33768 24564 81 51959 92617 62145 
61299 34929 63149 88434 48820 91057 17740 60646 44570 73750 
75830 92972 33012 36983 34180 16256 7952 24277 72464 72013 
72442 76548 79015 81830 37113 15100 72283 37910 79473 48308 
70327 93771 4701 3149 61006 22818 8339 96212 39034 26402 
83596 94150 27656 70580 39642 93056 91978 55605 89378 99019 
88151 41756 29895 56902 82951 16425 39724 80945 71297 72204 
37565 74987 25737 4194 37221 46634 76691 24749 17230 10535 
75504 95169 22829 13199 88225 79083 89580 84121 93932 93434 
89846 31708 64116 12071 95638 40665 3412 30956 71811 79512 
47250 77354 32304 45051 31767 72693 74304 70886 71931 8190 
4245 54067 18569 6681 12196 30238 48261 11414 74182 85897 
26148 79635 32538 41270 48598 11360 2033 43060 28579 77429 
16663 64438 58108 12940 74782 89864 97903 51617 39891 47764 
941 13984 83055 47336 53240 3169 16967 83931 15725 98210 
44024 4351 62571 51872 74136 53868 72256 37208 51245 9143 
79244 60368 7884 52749 40034 2465 88356 43570 33814 7729 
21086 41730 77760 94239 51023 64160 40370 52006 6228 97439 
71853 56052 37572 10609 88603 76004 48376 67648 65765 50910 
47672 72040 54869 92181 71331 80354 43179 62787 41566 46174 
12159 90057 43108 76865 28693 34391 23950 73136 37085 94515 
88982 59250 85617 95265 4875 94539 89383 42248 69858 44554 
4126 76201 52287 52305 11383 44939 42050 36633 30962 34465 
35604 79123 58778 13123 12768 79922 94461 4501 89489 33274 
20924 66208 34457 72888 59799 41916 36075 47240 18967 58527 
96453 88878 10850 36524 42683 55105 27433 5723 87359 94765 
53312 46546 80366 70400 55995 44603 73588 98085 56732 50569 
64761 29114 49389 2 18048 40619 99338 89922 25600 75026 
34203 44753 39978 27979 43085 76655 2518 21748 13917 49643 
62160 56470 60160 88137 39244 42406 76915 27616 16731 43396 
47638 29946 32658 46779 26756 95222 7537 57016 34748 68607 
28466 54522 72126 64563 24426 19819 75905 26689 3521 35039 
51271 2017 88864 65976 64479 66922 8842 56610 54885 61169 
95635 77410 47825 76089 12202 16230 78699 16608 27257 70062 
8624 99127 59930 74238 24378 89892 2928 42606 8446 96800 
83999 18884 28266 79987 72207 94744 16672 74358 92023 83636 
98933 1670 87988 11143 28140 68064 95518 55346 34069 70562 
35805 68964 31306 70408 44815 33609 16437 61896 5721 42363 
52145 83774 74898 1022 21867 18803 35314 22848 70392 23207 
40143 82068 89327 88322 82997 90864 80203 30617 74394 78048 
75755 62361 1622 65421 97015 11976 66992 11835 2193 69345 
41349 97064 98420 53540 56270 18476 99204 13969 16121 98912 
69511 99687 10753 85537 12076 4607 3222 72757 12087 45043 
80191 45255 89690 37626 20770 57187 83253 6286 10467 70105 
79620 87428 87974 54951 10088 75864 1849 71072 33073 93935 
24842 25795 42745 66078 15539 59366 81428 70766 42995 60718 
69137 60203 26756 39945 62632 87222 49261 11854 7462 76131 
39402 10982 52189 38495 97748 64622 96184 51331 88234 33302 
48351 66658 8241 27720 68457 29110 90372 25110 16329 87697 
63771 637 2411 3371 67031 32079 58383 56282 72604 16087 
33655 27132 70236 79538 54798 2922 55257 1597 78612 79937 
69408 75 42369 85750 32841 46051 12807 73859 86197 20087 
61756 80357 69922 93003 14196 25900 19328 80741 18256 91545 
79816 5663 9575 40254 10595 74728 57163 77588 55146 37332 
55457 21911 25832 84139 25402 77331 50840 7601 61660 99584 
75714 46284 18293 31481 35796 24498 75703 84264 8921 6431 
38178 37540 74727 73695 169 80184 28611 35831 58464 22987 
64747 49020 3173 29399 98000 72839 55603 92006 80938 91117 
5633 26874 93553 8487 5466 47015 62073 18388 10432 36670 
76114 55223 85453 95757 40 79042 13064 41087 18814 25736 
7959 11648 96559 80632 39976 36559 421 34431 61711 48499 
15625 30978 47817 68797 42938 59631 12856 59533 30860 49890 
13685 60565 22754 27849 78174 14291 52770 9183 55936 86105 
88775 24646 99349 87807 3169 48693 47566 52937 38316 51845 
60454 13035 5670 59244 40898 21999 80239 25974 8982 36659 
36000 66970 90338 62345 29645 93967 50607 12401 35260 37614 
50239 86173 27561 44808 32348 21163 17116 60142 76682 32462 
98479 80377 98146 55780 14568 51608 30609 24023 23426 87137 
20327 93118 77880 81655 44206 43290 35397 69116 29595 71074 
991 60251 30187 16158 30771 90063 97796 33998 37204 78753 
17167 27543 77547 98625 46534 3453 84661 9812 54416 12560 
77782 18668 61637 45925 67292 9121 76503 54223 59256 11283 
46739 83454 75689 68484 76707 7036 98129 2271 86587 94763 
61266 51429 33435 2058 8503 12584 86181 10919 69856 26626 
86023 94112 41349 28815 68695 23951 95901 42958 4166 99330 
84388 89624 57956 66444 96883 99343 16839 56049 52623 18765 
49641 82638 60244 72399 63197 56859 88729 92182 8232 86938 
90202 515 7409 36819 75357 92415 86859 27683 14673 6699 
98190 15286 14220 46880 13368 13814 41339 50811 91917 93339 
16470 64050 51381 4437 17689 7840 39034 67172 61980 11052 
34364 66791 42464 72699 45104 13582 57248 74109 96114 13557 
55778 96516 16925 82508 5633 8828 41616 29831 6972 38698 
4236 12018 42408 30901 94029 59259 92407 4196 76169 99740 
9013 65388 24566 27517 21238 71909 66653 6988 96610 9308 
6169 80774 18960 21688 75622 16831 85144 41769 26247 68728 
34753 65973 27226 26869 12629 79276 91930 85610 12884 87786 
85591 18365 54044 4685 58934 10584 16675 58925 97683 85335 
24205 50947 75909 40700 50801 56496 20017 84192 71328 45336 
4047 79963 17749 5095 75800 38945 14761 28187 44861 31962 
72342 36197 90862 85118 95593 11219 15120 18103 89914 38739 
31803 74011 22704 78792 57206 12721 10534 1157 53166 82575 
24427 26008 26478 74507 85849 33976 13152 53373 43181 97145 
20843 41501 63349 36970 74381 52606 76569 8739 46541 72227 
63727 28568 51196 91862 76179 75368 26704 43011 53097 84286 
1475 49283 83063 85695 4049 2219 92 62310 40421 65342 
49092 40033 93430 90681 53738 76820 76587 15693 79877 95870 
35492 53102 55944 67607 57854 24979 98548 10553 32292 58520 
65820 86357 85399 15961 54219 32333 73505 55961 28414 66073 
64064 93013 18957 29711 90901 66082 87710 89203 53222 15539 
53025 8302 62560 34098 47614 82148 53983 91375 39056 86826 
79488 49585 63377 69051 65273 24585 21260 96970 80155 78742 
73568 58422 91915 9150 95341 1024 66564 6082 41242 55241 
71316 23435 99630 14207 5423 96706 60015 72826 80177 9013 
14315 19623 21456 57248 74702 75928 964 90808 36858 91022 
35298 51993 74098 63279 9723 16328 64279 57076 1883 42772 
2873 58711 23051 50784 32137 1847 8440 34789 24129 87296 
9928 88993 53924 70550 70737 31684 48352 10523 2158 79354 
9813 36701 27144 83227 49917 81241 88056 33537 46940 6784 
75978 25724 72127 54153 14715 91314 32673 21057 91254 20846 
9407 31873 75855 90716 82321 35038 45249 10711 73477 31489 
81429 87444 15924 53172 64936 43893 2435 54481 42305 11161 
4586 13344 61974 30272 37285 94213 52588 61930 33543 26939 
24004 88674 66188 43915 35731 47335 19054 13992 64413 98903 
68053 1894 52 91499 99751 77560 79223 81937 76790 26911 
37942 8439 47654 54882 37629 20600 45434 5750 57 68057 
13878 88320 3415 34234 71289 60946 29799 72902 70880 22048 
57884 76963 24385 5646 45013 83665 42875 87405 86395 81497 
91829 69762 85501 32228 57933 23130 13706 74193 7189 12474 
33022 65449 74989 84554 59456 85979 67881 46428 31217 91939 
36593 94990 32021 98140 24230 47790 67473 2973 49986 9190 
64107 81160 73816 56260 78611 69598 31889 75607 91805 59289 
54044 47942 71584 16999 96743 31470 38058 75199 47938 28622 
95295 93955 67021 87386 21139 78889 6619 27037 36020 79677 
23207 762 20156 77101 4046 7949 78319 51234 32561 36898 
56011 23830 93258 47381 38905 59631 23099 44434 89180 29560 
85221 18597 51995 67912 65315 28633 68770 69904 15472 2959 
78251 90297 20556 83671 59055 44169 73212 69398 50433 13318 
54410 89736 34576 74934 11708 49570 5215 69150 64250 2004 
48876 37239 4570 29744 1853 96644 24288 3533 2752 23758 
19302 20949 29420 52022 34681 22129 63926 74108 68466 31629 
78647 58969 4417 81024 58572 9692 35848 74681 46690 82845 
22229 97740 62839 47458 41624 54998 3734 24925 53588 62750 
54967 20369 20827 13663 89922 3176 82868 73321 2845 25214 
90337 53053 10663 28920 22645 85079 45044 16033 27978 57869 
71529 53354 20927 69829 23495 24087 731 76829 234 24811 
80785 91307 38129 16410 43740 30050 16671 56980 85941 55257 
72996 34323 13794 161 48502 66048 384 31364 89151 63625 
16570 19336 52289 77801 58276 42416 20586 33067 32189 48961 
41208 27902 3016 7127 32721 56477 52547 9330 24204 2035 
58803 73590 30898 60548 80280 14686 42123 63772 18515 6493 
18112 92439 4679 30348 36984 80225 43382 51646 54460 82231 
81588 42073 84525 23242 29870 40973 99069 33057 4093 96435 
14927 9604 60997 15905 60599 71099 25423 43066 51616 95932 
74019 62990 57798 32822 95525 24851 24953 92983 48133 43358 
16693 62249 51239 90084 30925 53205 94309 96815 3419 65628 
58450 71522 78537 36545 51821 10485 35902 46358 90867 35691 
67995 64879 50029 94250 91966 882 78477 59054 13749 79008 
33509 37309 42554 14742 46605 95541 51837 2261 19540 44273 
31218 85453 56698 72663 73706 97779 94608 7800 95710 35507 
94767 3707 77156 69220 35363 31961 67328 93203 78241 37780 
32552 5664 39646 72564 61207 95117 50989 25727 44217 22533 
70859 7280 71260 66606 29715 12494 29875 98242 53709 16322 
28315 75953 84454 84929 79191 61786 98805 56067 12628 49477 
15808 28746 63656 69007 48177 748 79792 6511 1620 64587 
19486 65939 61084 21820 29855 38747 64928 73941 34677 11945 
46800 27130 13387 25336 26012 72734 97494 93065 65022 58967 
7855 34822 16994 46134 71368 24202 37756 30724 73586 68185 
9975 52404 58399 25307 63666 13515 8826 84765 21679 89726 
40697 98557 9038 42348 76043 44736 73804 99776 91377 63533 
34500 27889 21739 99368 71838 28853 1314 33546 18160 96012 
41349 890 40784 54342 11134 28354 64687 10635 78707 10364 
76739 78911 29240 89249 29400 78408 23962 78834 99043 606 
63339 91595 67551 12254 27801 10128 73403 77644 44596 11126 
19569 28278 30640 34256 40504 5649 6862 88996 98707 92399 
13384 77722 20677 45585 92307 58416 46693 57772 68797 57626 
44231 56900 71352 73697 86360 29677 845 11466 55658 46525 
7756 51292 86975 85724 80619 15366 24886 26895 37391 52274 
84271 7132 79310 49494 73791 76255 31536 13127 50892 95472 
25192 50370 25255 53300 29368 43725 38939 1056 19249 68257 
89141 28322 92537 39750 54429 77724 8670 28638 33954 70923 
21043 83638 13104 64204 35818 80016 30808 1231 40578 97174 
34045 18192 75543 58853 95350 35070 2808 80375 48541 20003 
92255 14197 72350 53349 44599 59631 16640 40750 44444 15778 
16460 30077 60214 23012 66421 82696 86265 72754 88613 34476 
91290 21154 26238 89216 74133 6905 81685 66499 55206 90668 
31297 2138 24165 42568 71723 58263 15678 69827 37068 69535 
11349 25769 70887 75713 39450 1671 94656 14145 37440 74857 
37243 4308 24372 13655 82291 51234 5600 81391 77154 58808 
26117 23580 37996 99821 10707 65894 10069 81485 51019 92454 
76597 51923 31070 22424 81727 72762 62947 51982 98134 89172 
50584 57155 5085 80946 74235 18351 58023 40666 50508 49315 
41029 18516 84238 69827 38882 19246 63 75788 36311 25284 
50710 1454 42098 45195 43554 47425 40834 72166 87145 60824 
78883 97015 39293 35722 86041 3369 55473 99189 66948 74921 
25999 71156 7759 89974 27305 98935 58206 51646 7003 93450 
75413 37201 81144 69709 4355 95614 47448 37461 56907 71164 
50119 1809 31429 53298 96073 1118 77483 52771 89522 12758 
78659 39578 35923 15673 188 86735 18468 57296 97300 66494 
77637 27980 79332 81676 30019 42486 2675 69488 15662 57950 
19673 73846 77210 53763 14353 30940 47910 58157 302 97693 
72451 71484 78974 7434 9867 78160 30551 37479 38110 73719 
54010 67329 5459 68944 1988 44978 72115 82592 19756 55484 
33689 65503 34522 66959 2534 16385 39524 36098 86583 26787 
93799 34096 19125 67027 56392 23985 77837 57350 109 46755 
39470 49759 70521 3474 32507 3409 92995 96086 67767 63469 
80072 15599 79271 87102 64136 61829 12939 44232 48753 38872 
19451 10125 93249 68640 60372 37229 83853 8215 29860 10842 
16725 43751 37183 46615 14535 93357 44385 84193 61106 57957 
43903 95646 1081 73720 85987 46608 21859 14437 15611 19646 
81818 64293 9648 54567 64741 48669 42324 66157 23518 57682 
76528 81467 5900 24772 28629 52744 40976 39908 98371 89274 
64752 60777 17334 22534 5940 37268 12318 38001 3690 82740 
35723 98856 42803 18114 7551 90235 37287 45138 14195 20663 
46963 24877 45036 84363 94579 58497 39232 12614 48048 19513 
58501 74509 55107 19871 29857 4605 38794 8378 83425 73895 
67275 96185 3458 5589 11652 315 35200 80714 24870 13518 
319 3174 22831 54843 65313 62124 96589 12815 65758 40255 
48435 47138 96952 98809 26366 49557 54333 22252 39449 6672 
87066 64188 36169 94113 38343 18920 54853 24839 58913 5492 
1172 6231 88715 19369 4119 32234 17660 82755 52168 9780 
14226 91823 85837 28646 92927 81962 30191 25508 4466 19674 
99583 23215 14473 69088 43213 70694 80792 60391 7351 97625 
8737 21590 5887 42715 44830 1936 29921 20133 47293 68931 
93379 26038 62898 92300 98917 79256 92056 24367 34136 56311 
10281 34037 57410 95176 66911 36039 16504 71141 33417 98630 
3780 59823 11022 84099 33621 36845 8156 96116 32256 40124 
31606 99778 37037 34235 68272 42237 12993 12820 13361 41228 
96202 11862 94749 93047 63507 40870 68442 85089 4897 13582 
58541 10559 53737 85084 16011 81093 40238 39863 20566 88589 
64321 30202 28724 99239 98796 75246 69246 90011 63270 79742 
39508 39355 46764 26722 8373 96250 32697 79667 86653 23307 
51472 94938 32760 8446 5827 96138 58835 94565 75710 83718 
61574 77335 7906 32960 66682 65505 19303 53034 9213 61374 
42938 30072 33374 53892 48250 37449 84231 87021 6105 77584 
98057 35326 55220 56481 76026 82695 49119 40707 24301 52070 
65024 94056 24792 37064 18465 90528 34516 90963 81801 33194 
6635 37613 19381 74895 67208 39595 83732 48637 71572 52150 
24619 28176 6944 10723 14927 25644 53559 85533 62856 42343 
2575 16106 51947 95659 30571 71205 27658 21142 85126 74939 
89765 96412 80292 19265 32011 7096 36867 38335 54799 425 
73433 15458 19640 52567 75106 87562 37002 9012 66831 19749 
87135 30425 69357 80671 78170 4904 90420 29953 68386 82307 
39726 7068 33984 61955 47559 67512 62334 29182 52259 53221 
72517 11398 40274 69068 68633 54657 29727 51213 52731 77575 
41445 44892 16727 95580 22135 50261 18267 25573 12201 77904 
91512 55049 21587 63177 43441 78848 64730 43045 46168 89046 
53799 50696 77431 8604 16024 61616 78742 92609 91158 41042 
21921 2985 24309 6881 98071 31107 51566 43526 34507 71973 
56189 51160 13557 78976 4365 26616 50947 25483 1389 65077 
12148 78684 65040 79688 23236 34783 5454 39787 73486 17514 
48072 83681 96445 3806 69261 30535 78873 89853 59686 29146 
91403 79743 46536 87968 89720 9803 38109 50021 60728 65486 
49168 70319 95903 51100 65050 33268 74505 78399 44097 92055 
88709 68921 34304 39086 47901 90413 94504 56937 4741 77109 
28852 38667 72320 98526 36812 57298 1237 57868 12388 49348 
63833 68272 48484 77123 63107 30675 63639 61167 31421 2429 
94898 7380 50404 38394 73124 34756 76299 78730 98240 14043 
17767 95787 67111 97216 78320 43275 29230 78463 58740 37305 
95754 55065 21547 50617 86796 15309 24517 60238 41849 7061 
67579 9857 54885 76815 61432 99328 90145 56939 66989 26686 
72895 19643 48228 86778 40036 1859 76533 60541 7775 51432 
46726 79421 98799 42544 32835 10340 35442 79589 67071 93006 
55147 73773 44530 53455 84961 80215 22342 60135 53534 96872 
70159 14691 82549 60679 23724 96645 46495 96613 12707 33528 
45393 22122 54111 5247 33233 46032 88168 54529 61724 34551 
63341 50962 22626 3291 83049 47292 92685 51195 68486 2083 
62382 77550 73690 30213 73928 87644 59870 9155 51730 41198 
85101 67709 92679 14791 19042 96934 88965 79968 3449 15754 
64606 819 24271 74882 16221 90908 97044 12216 18882 84151 
24068 94872 65712 75752 80374 44125 49942 67190 52890 73794 
17792 79058 1776 48784 27649 50797 99277 91391 82652 55838 
33149 61555 48475 68797 57205 74600 51428 35353 88729 23051 
62002 32345 18852 22176 80333 65348 56974 50181 16195 95578 
14802 43987 43262 57465 41385 4449 56421 59891 60225 57427 
90252 91288 87390 67060 98620 2216 60875 12742 92014 48091 
24536 1220 24245 3088 27611 14432 82529 71065 18171 48309 
13705 62688 49627 89759 59471 46116 70515 29980 72432 46590 
58081 27808 50701 54937 28300 23578 54687 22203 69438 159 
62429 59827 63021 91025 76908 28354 11429 61147 89200 55248 
169 17255 3179 59165 40272 23832 36507 56923 79947 77364 
72344 88625 1610 94650 83852 88607 66191 57095 68283 34137 
25821 34109 96283 77294 41127 36929 9822 11517 10962 59746 
38746 72598 97466 10301 72590 90611 25765 96217 6500 57302 
23728 16868 62405 82968 74020 46396 85154 87573 9837 54756 
80995 65755 72611 1340 73891 46016 46000 68340 68526 48532 
11955 47135 20879 33288 10978 80504 59890 35797 72479 99820 
86925 98062 3814 92309 91248 53764 47197 22066 73131 53213 
67740 98264 98127 93383 37794 32268 41305 27881 1743 48122 
82559 47616 73860 10 16503 55541 90815 55184 20720 45190 
29816 8175 84929 6524 78869 52005 13955 68345 34142 45108 
97785 38334 94538 17934 13945 57156 1012 92313 96275 2573 
77713 10657 261 59579 23575 87103 32328 30560 5700 64073 
81647 40316 72285 32064 25918 72649 26261 85470 8260 38637 
4258 4623 23674 351 81393 25065 80722 48587 8461 28017 
99046 13412 90540 60043 51959 39007 80670 64009 84302 97752 
65556 39343 59209 42280 7093 15474 53015 63621 55563 7448 
71444 76263 51136 28650 84751 51340 76235 40143 25113 68964 
51692 19539 46418 74017 46822 52096 50914 91242 49142 30661 
81683 80255 91253 20718 86028 7375 40497 22224 15675 36171 
88280 17524 73754 42393 58640 38292 81899 70434 63550 85261 
63155 85561 57098 47870 29646 129 17583 2122 65947 44183 
58012 49391 25252 73123 83330 59878 16691 96548 92530 7867 
96264 19057 7994 6507 12063 83217 19634 79984 61036 86360 
36412 59289 22790 8589 84946 45675 41783 79324 6895 41182 
69764 60056 92449 36052 96984 55698 79497 51398 45230 74963 
31414 93514 23086 46321 22541 25469 42098 60989 29534 93098 
63905 30420 85196 31477 37174 4452 597 75179 81142 77276 
86632 43903 32464 22243 58358 35025 36794 95058 97008 714 
49700 46125 38482 64704 47648 51823 16949 67689 54142 36514 
12543 15339 66856 10004 16032 50270 8375 31534 12372 5275 
2485 87944 18709 29902 40277 22214 40952 214 89247 57928 
11149 51915 12186 35356 47339 7234 97242 63257 9615 1172 
39448 58577 31210 41940 88191 10 89338 1397 76699 85385 
78747 38528 59905 45010 93239 71769 94229 81502 84072 95876 
70479 14814 42285 74297 90358 28925 3415 88127 84181 14873 
70488 22804 38517 9102 16053 24582 32466 35158 52000 79547 
48441 89214 13655 81749 58543 27308 13459 5624 28520 5481 
66292 82799 95530 90508 62723 16522 54077 19109 88224 59577 
491 48804 50934 34878 86237 88186 85958 27912 66831 15504 
16533 57941 98687 53267 46043 98306 91746 81788 29213 18720 
16351 51651 49504 62426 27526 61171 52735 32872 64207 41194 
38472 22217 42213 49348 30835 52826 51192 56309 5169 844 
58739 58247 78387 8054 54241 72447 60633 61738 61467 57472 
85763 72437 21768 46234 13933 57128 95171 20256 80073 8816 
3120 93329 98096 9714 67671 12075 50503 15107 79200 18128 
53705 90837 68737 67365 29816 56028 71488 24144 84526 8020 
28100 81909 17594 21682 28992 59852 16552 60246 80129 4969 
43211 17475 4962 38571 48319 11947 70176 58796 46942 44286 
86889 96864 70653 43085 45945 70128 84210 69681 3487 9163 
42637 48230 47706 57626 91551 38219 19356 18930 11914 56285 
44546 9317 90075 11471 1500 76624 64015 54531 11902 65184 
94020 49086 73418 24656 88801 36204 3536 29226 10165 84133 
43516 64588 37132 45314 16048 71280 42766 12081 78300 49591 
67435 39048 92420 41282 15717 67048 805 53990 5225 99567 
63969 69252 80259 18999 11225 69153 20326 31622 69510 23153 
81913 29413 9009 71903 60760 82814 63868 89767 59363 18986 
42366 78032 2164 12315 1478 18220 38774 13812 68837 20982 
26780 44897 71592 7714 407 62893 30571 34753 99032 80056 
86299 48635 53340 27745 67846 62845 752 18057 72702 50593 
94097 22626 58801 74878 54870 20137 97143 72394 99080 93178 
87844 88197 77286 35567 41889 84715 48621 7844 90442 71212 
95181 89547 37779 20039 21865 14358 32132 25609 75180 28182 
27846 3524 68317 64655 12012 53632 62376 74642 54974 25206 
414 28200 71663 86843 14602 62103 76891 50876 98692 45716 
16505 89770 69136 68794 33174 47093 88 8551 94536 77164 
14665 7203 21502 96164 89884 56818 16739 82640 86885 43883 
3677 53319 6793 3128 85229 21744 78654 64453 88909 53556 
58087 89195 39493 46446 16073 91677 99055 20958 4254 39515 
90189 41062 35939 12116 66728 76022 48828 28033 28582 3074 
19990 80233 35791 74573 45536 16290 17032 38020 1359 13690 
59504 43000 65806 90691 89867 2605 51218 16083 34959 23051 
93694 35117 18684 95760 5639 42431 1452 41998 15513 74771 
23463 30945 66679 30450 57119 60472 73648 65739 19943 76864 
31468 31973 90940 97781 93739 83456 14720 8991 99324 65632 
53260 73240 63437 78976 54318 75454 29925 55462 15961 56320 
26700 16637 91641 76145 47623 18247 8291 6646 90546 23615 
98815 1966 59191 38092 82988 55161 66010 12927 45022 42036 
69310 23750 57124 94954 67902 51240 26676 35041 8913 21017 
60476 74487 1899 23803 57081 12077 52943 68278 88884 91145 
18081 74680 64960 17010 83064 85613 87170 17045 7072 58775 
63888 11514 3848 96232 92424 34129 35431 83209 97614 6591 
99452 39516 28162 47634 80101 20054 17254 3468 48442 30336 
76738 65204 58751 49869 92830 23642 16394 1641 84168 28324 
4009 37883 91596 61390 62024 98416 40328 69267 83266 32899 
85477 13712 88093 68680 22562 33668 3196 78724 63093 85994 
21312 40494 38435 37757 57612 79690 68447 56333 48981 27457 
40295 66639 8091 34286 72315 21602 19781 85159 84306 50173 
73127 42303 47487 69778 66032 89763 48994 1702 23385 82186 
88282 39671 83918 30821 46115 14578 3819 26873 48235 85765 
79235 16023 88180 45436 84659 55842 20655 97912 80352 86132 
32704 95494 73076 80395 88275 59286 70389 29166 4617 55571 
58956 97067 83723 18838 29915 89881 78161 3775 92621 11747 
94372 71952 10967 81575 78661 1704 79409 45749 58608 87728 
69223 41321 5089 98515 3643 64472 75704 28526 76077 52356 
24762 9289 40606 99673 78312 25001 28674 22906 44716 11474 
10608 224 35318 5464 70632 30048 49801 52001 7788 43250 
54625 81405 27146 2067 75675 11921 63379 84077 53427 23776 
31265 73959 67527 25262 43683 29509 10509 94908 93944 88466 
81479 65804 96002 79741 47199 90109 90793 57205 66757 75430 
87712 36808 52839 27258 8410 10112 18059 92057 140 73092 
2118 38556 76175 12878 36603 51417 77062 30883 7434 80852 
89091 49419 62710 60531 5139 39775 34356 37279 1325 63804 
42882 27325 62990 50418 72259 45867 94117 23969 58097 1061 
13673 22188 7155 55269 65152 97783 65872 60044 63951 51305 
10695 87768 5213 1516 2379 75417 82434 76746 89889 71721 
71588 16044 63101 82922 82863 93282 31566 14606 57787 31317 
46767 29753 90078 77431 1993 24372 43777 46448 83499 59291 
85264 73551 24884 88032 89827 22316 66207 86968 91159 89863 
70245 42748 19718 60171 88669 51202 38654 73782 65004 28645 
35076 94699 48665 78259 6948 28293 35796 15822 98397 49505 
67417 71591 36541 84551 78763 63732 49966 2476 43325 23597 
43682 29374 78417 44165 39699 21132 21941 66991 62372 2949 
48632 22903 79786 23444 30571 95292 92901 31350 58508 57490 
83329 30836 44824 77340 65829 95457 94854 37504 30319 13607 
30231 31502 10081 73674 11967 15548 61186 36897 76071 12592 
10739 85429 92252 256 99770 82943 80021 43479 80364 3589 
70973 75351 36973 1160 84914 21676 30161 31622 82254 71075 
29091 73870 69943 97174 56550 27343 44876 84044 42168 15897 
32575 76986 41652 34873 25252 59774 13568 98167 61098 43230 
76051 43050 50581 64640 30980 55954 17659 45428 63147 27962 
48767 85748 21732 28942 36427 90658 40165 31060 35335 38480 
6414 36393 71246 43759 77863 49826 73027 40503 75109 96446 
84393 27114 89836 27988 8501 56871 94997 98969 66759 51192 
60122 77981 25414 80357 84014 48641 73683 72828 41013 94925 
6656 29338 52500 96941 48985 88909 76940 11628 12681 54918 
66384 56622 4867 28601 76339 13285 94031 62809 36915 69350 
78283 38573 80138 39193 21496 49327 87770 53508 302 29871 
30231 19870 97270 63314 23445 14672 17440 1054 72937 30276 
2358 56860 66566 70849 51172 12422 94458 72152 59489 24641 
38632 81760 36473 6292 60239 54131 65761 92127 63522 8697 
11098 6010 40118 14905 60769 52958 43537 25116 37011 52033 
94697 99190 51017 85798 30415 7065 89312 27731 99306 52029 
12727 83976 84621 11156 2218 41228 23281 96328 60276 89414 
39270 86486 46732 71869 94254 55035 57362 49631 58747 62766 
52285 86621 13810 67371 53111 93099 69881 10248 62572 69631 
66454 73799 9909 53055 72647 87243 76886 91165 94586 52727 
89720 34552 86489 54668 51749 71148 47114 73266 25728 43767 
2537 88250 5431 26571 87121 19766 70216 47470 73172 41445 
18258 65630 66872 31735 29790 17419 66769 72841 92179 31516 
24181 77956 81574 55186 46557 34210 63924 62551 79513 18971 
40551 50692 88434 83186 83306 15242 67439 35684 84901 42374 
95433 13281 5910 33115 12853 89686 67058 57053 67670 87399 
84612 59237 46156 66344 14798 64820 30932 88964 38282 73419 
24496 74632 23430 36308 28629 76176 16904 23256 80575 82699 
23852 11244 78315 77785 30658 45590 47174 27644 70875 91215 
51770 90111 61601 93643 7803 83425 29132 62477 44574 50619 
77981 72258 5034 94706 67827 20245 73650 4439 53333 52980 
31582 26375 31256 59181 85382 17972 25750 55651 86256 20571 
57329 1916 71142 99195 79517 72802 5442 60797 14747 93633 
30984 24490 3106 63631 75113 36127 78371 66282 96739 38443 
53325 77189 60951 26287 74797 41528 4409 54534 67976 40238 
32245 94960 96382 93056 47946 98438 58560 33431 88820 23588 
36249 43508 76644 68528 37746 52272 76682 66196 11493 57992 
57302 34624 82233 40333 65404 73159 74662 91779 80372 96011 
20495 64425 63258 83439 96871 39397 67128 19660 94078 91152 
44631 46008 97760 94524 95944 15197 66181 84560 38327 36791 
81368 51256 28206 2417 33620 17347 1469 63911 45462 81645 
69806 43135 75104 25776 45593 63023 90909 91564 98232 10433 
30683 17609 63319 4461 47194 94547 55594 53855 20472 43758 
72876 24517 550 9369 96943 23606 19356 21153 84334 30551 
8430 42705 15550 31998 37422 588 20053 96763 71745 94154 
39282 55714 66519 77807 84108 77260 52243 22672 76841 62598 
5945 75176 94796 20533 9388 23283 1878 31210 36449 76349 
1875 61949 50617 38496 98541 86099 70690 45989 60794 16928 
4444 80452 92529 32027 70965 99690 13435 5039 12031 61706 
29179 4008 81781 29864 92558 7091 15019 81177 1734 40574 
27390 31900 21315 37075 80113 89603 14933 98911 52169 17931 
5485 95997 64637 64126 64125 15861 91363 43124 15146 63482 
64568 12067 99801 35317 69639 8181 53797 35277 69996 40103 
95590 71476 1990 34268 97709 50854 60428 92374 7099 77445 
42379 41282 33579 48221 28984 49420 73318 29337 84164 95317 
48194 57823 28805 98241 1105 15521 33601 53461 2626 7251 
7048 13775 11565 26184 37423 49711 36411 40919 60648 53538 
46845 55558 64922 48502 1389 73636 85390 78920 9363 93851 
77589 31083 83772 45657 70125 31070 3176 47418 97960 80517 
27735 65630 44930 24410 65150 51826 33908 62083 23869 76927 
70344 83318 77641 1542 26126 53906 8843 49757 81550 58388 
68127 13717 92951 38159 61429 78379 80875 25994 11688 58744 
38681 55316 77539 20423 10394 18159 91964 31282 20839 77001 
55445 6784 81366 70156 286 30594 69422 86845 1043 57062 
13608 84217 87416 99357 60874 84685 25921 3651 74803 79277 
30773 71430 29636 21974 75034 96108 90177 6429 9601 55138 
78937 48615 76188 21137 5347 17573 36431 33916 9069 5396 
89680 69066 38082 60271 89180 85806 580 43229 76076 72599 
25985 93138 25544 83098 86059 98292 64261 30383 6915 47358 
2004 32085 31784 72196 62478 64528 20691 68896 82367 74755 
52850 45574 59557 88951 18563 29913 82015 85867 46133 87992 
19603 54821 7054 8151 20328 93598 65090 23585 63499 54292 
61439 73387 30343 35067 30057 53530 27951 53577 1252 2034 
67751 7272 71833 96255 5855 19146 9178 44386 53587 75100 
42743 53524 27001 14723 25389 5913 84146 71810 26606 42470 
82109 3161 90632 24673 76580 51843 35018 42046 38440 6819 
77523 17886 80084 20292 37000 49266 4193 85062 30328 62416 
88465 46653 18216 99259 59199 74623 91802 93948 86646 51870 
89813 75120 76688 43665 53558 70624 41199 79329 83701 32915 
31558 50845 40886 22035 97119 26969 49158 75236 35627 36717 
81618 4138 65611 30865 71295 81846 62862 84897 14154 71601 
49782 26103 8574 28661 19507 89147 63329 21023 86605 84628 
52153 98147 63731 88343 97686 56510 34278 40267 26741 76240 
41276 75819 9284 9932 3013 82919 43505 87509 80738 84620 
8295 53814 27602 51038 60393 64924 6902 41199 18397 91154 
62207 85389 34585 45601 56566 33252 17877 40846 31204 10696 
57042 63857 19553 91526 1841 29908 71463 57531 32198 44010 
18947 25715 15105 58857 20781 1641 6616 29864 46734 91923 
3362 54179 54885 67073 90658 49114 54048 80566 78572 96471 
92086 98932 82951 48346 22290 68031 5027 56153 31588 20886 
13842 70849 96723 65086 78666 41422 80624 97758 40894 33692 
58566 50183 96268 20105 23584 39847 7978 63529 3163 68565 
47853 75859 50647 27097 41099 70125 80352 98394 35570 68553 
13187 49019 3208 5573 27531 9739 33054 34790 5223 40444 
28700 96186 79046 73610 46352 83549 27494 70070 26296 73717 
43938 17103 69680 20755 79437 20679 9652 16759 57535 34746 
90531 79339 96804 54765 69263 8730 65554 93877 29736 15037 
72620 48967 27214 15454 84695 97586 18862 36304 39479 68437 
5452 75222 39031 80266 71231 71826 88197 69026 33534 61595 
70161 18015 64959 78895 62202 1816 83526 20876 46893 69351 
84144 52097 80842 11115 48109 49247 85611 1628 55223 85337 
72763 14401 69315 45883 88781 56881 32167 39625 93808 82223 
13852 73944 26985 54125 6437 36452 18701 16090 82032 8145 
95042 9131 31161 95514 98463 92637 57326 37576 12394 50633 
54330 22247 13461 23718 63129 62477 35119 38621 76712 83706 
69527 30452 16896 66758 64655 83889 32340 92378 54524 33219 
35832 23750 18282 51774 63342 15316 51890 48354 91268 88148 
93788 46809 66608 93943 558 65305 23279 20044 92136 11809 
70627 2306 73920 53933 5576 29258 96952 92134 45974 23101 
98315 87536 11951 44930 27944 41518 83540 37142 80418 87136 
5638 88678 40387 31100 55662 49439 45374 61568 1914 20644 
43448 9643 8201 55750 16245 54028 89620 43769 55661 97378 
50810 64713 77611 66797 51621 88999 25022 53833 86736 48000 
95638 91752 1320 59761 98224 32274 71398 20029 5053 17756 
8432 5747 93157 21159 82922 33332 18424 25573 34383 9805 
37540 88620 66303 52981 17433 67759 44895 84042 18865 3095 
51973 49386 44386 57083 20049 70282 86939 81216 70305 34287 
19330 66291 19272 96462 33892 13 86058 54478 67841 99099 
9789 14208 32407 42117 86590 90502 51491 18896 34299 73655 
6022 60293 58014 36949 1192 55690 40039 17706 42757 13872 
464 95574 20771 72794 80280 2554 74129 4182 80540 84844 
65161 11428 95143 3759 59738 86115 73687 97030 98730 18759 
